0	5.24213e+006	1	4.9599e+006
0.2	4.96733e+006	5.24213e+006	4.69281e+006
0.4	4.70693e+006	4.96511e+006	4.44e+006
0.6	4.46018e+006	4.7163e+006	4.20103e+006
0.8	4.22637e+006	4.46391e+006	3.97467e+006
1	4.00481e+006	4.22691e+006	3.76079e+006
1.2	3.79487e+006	4.00576e+006	3.55825e+006
1.4	3.59594e+006	3.79458e+006	3.3667e+006
1.6	3.40743e+006	3.59775e+006	3.18546e+006
1.8	3.22881e+006	3.40847e+006	3.01381e+006
2	3.05955e+006	3.22599e+006	2.85156e+006
2.2	2.89916e+006	3.05688e+006	2.69802e+006
2.4	2.74718e+006	2.89951e+006	2.55278e+006
2.6	2.60317e+006	2.74812e+006	2.41533e+006
2.8	2.4667e+006	2.60376e+006	2.28522e+006
3	2.33739e+006	2.46643e+006	2.16223e+006
3.2	2.21486e+006	2.33783e+006	2.04562e+006
3.4	2.09875e+006	2.21565e+006	1.93544e+006
3.6	1.98873e+006	2.09732e+006	1.83123e+006
3.8	1.88448e+006	1.98764e+006	1.73265e+006
4	1.78569e+006	1.8835e+006	1.63923e+006
4.2	1.69208e+006	1.78302e+006	1.55101e+006
4.4	1.60338e+006	1.69265e+006	1.46754e+006
4.6	1.51933e+006	1.60391e+006	1.38858e+006
4.8	1.43968e+006	1.51976e+006	1.31386e+006
5	1.36421e+006	1.4391e+006	1.24323e+006
5.2	1.29269e+006	1.36519e+006	1.17634e+006
5.4	1.22493e+006	1.29366e+006	1.11287e+006
5.6	1.16071e+006	1.22597e+006	1.05291e+006
5.8	1.09987e+006	1.16045e+006	996248
6	1.04221e+006	1.10012e+006	942650
6.2	987575	1.04315e+006	891865
6.4	935804	986904	843900
6.6	886748	935755	798474
6.8	840262	885793	755437
7	796214	840649	714805
7.2	754475	794759	676333
7.4	714924	754540	639941
7.6	677446	714460	605527
7.8	641933	679332	572932
8	608281	641475	542051
8.2	576394	607274	512864
8.4	546178	577160	485294
8.6	517546	545799	459132
8.8	490415	517152	434510
9	464707	491678	411114
9.2	440346	465147	388999
9.4	417262	440014	368065
9.6	395388	417747	348261
9.8	374661	394693	329507
10	355021	374193	311733
10.2	336410	355244	294908
10.4	318774	336649	279056
10.6	302063	318051	264039
10.8	286229	300866	249821
11	271224	285893	236396
11.2	257006	271130	223706
11.4	243533	257331	211655
11.6	230767	243710	200274
11.8	218669	231154	189506
12	207206	219484	179272
12.2	196344	206362	169650
12.4	186051	195498	160538
12.6	176298	185359	151853
12.8	167056	176285	143674
13	158299	167156	135918
13.2	150000	157815	128602
13.4	142137	150408	121662
13.6	134686	141435	115082
13.8	127625	134299	108908
14	120935	127714	103008
14.2	114595	121587	97474.2
14.4	108588	114655	92229.1
14.6	102896	107932	87259.5
14.8	97501.5	102572	82554.2
15	92390.3	97438	78098.1
15.2	87547	92632	73902.5
15.4	82957.6	87613	69930.6
15.6	78608.8	82629	66176.1
15.8	74487.9	78155	62633.9
16	70583.1	74744	59267.3
16.2	66883	71001	56077.2
16.4	63376.9	66460	53074.5
16.6	60054.5	63582	50237.1
16.8	56906.3	60943	47527.5
17	53923.2	56893	44982.5
17.2	51096.4	53692	42554.2
17.4	48417.8	51402	40270.4
17.6	45879.7	48607	38101
17.8	43474.5	45987	36051.8
18	41195.5	43902	34106.1
18.2	39036	40863	32270.1
18.4	36989.6	38935	30546.9
18.6	35050.5	36930	28896.9
18.8	33213.1	35076	27336.3
19	31472	32675	25857
19.2	29822.2	31288	24476
19.4	28258.8	29551	23163.8
19.6	26777.5	28282	21915.7
19.8	25373.7	26690	20744.4
20	24043.6	25610	19635
20.2	22783.2	24181	18567.2
20.4	21588.8	22900	17582.3
20.6	20457.1	21591	16641.3
20.8	19384.7	20311	15750.5
21	18368.5	19715	14911
21.2	17405.6	18734	14100.7
21.4	16493.1	17294	13345.9
21.6	15628.5	16370	12634.6
21.8	14809.3	15691	11951.2
22	14032.9	14736	11303.6
22.2	13297.3	14152	10702.2
22.4	12600.2	13448	10122.3
22.6	11939.7	12455	9573.07
22.8	11313.8	11974	9053.42
23	10720.7	11323	8567.32
23.2	10158.7	10889	8106.96
23.4	9626.15	10069	7669.45
23.6	9121.53	9580	7251.23
23.8	8643.36	9120	6864.36
24	8190.25	8587	6496.26
24.2	7760.9	8199	6145.93
24.4	7354.06	7753	5823.06
24.6	6968.54	7463	5513.94
24.8	6603.24	7071	5218.28
25	6257.08	6763	4937.62
25.2	5929.07	6221	4678.03
25.4	5618.26	6056	4425.88
25.6	5323.74	5538	4182.85
25.8	5044.66	5313	3958.91
26	4780.2	5075	3744.66
26.2	4529.62	4734	3539.7
26.4	4292.16	4490	3349.93
26.6	4067.16	4355	3174.27
26.8	3853.95	3986	3006.78
27	3651.92	3741	2841.18
27.2	3460.48	3683	2690
27.4	3279.07	3443	2541.12
27.6	3107.18	3302	2409.81
27.8	2944.29	3210	2282.58
28	2789.94	3032	2155.72
28.2	2643.69	2721	2033.95
28.4	2505.1	2645	1923.18
28.6	2373.78	2442	1814.35
28.8	2249.34	2359	1720.41
29	2131.43	2229	1627.47
29.2	2019.69	2155	1539.61
29.4	1913.82	2027	1453.01
29.6	1813.49	1882	1375.43
29.8	1718.42	1759	1301.04
30	1628.34	1724	1230.22
30.2	1542.98	1613	1163.54
30.4	1462.09	1519	1101.58
30.6	1385.45	1444	1040.62
30.8	1312.82	1490	986.097
31	1244	1383	931.789
31.2	1178.78	1244	881.045
31.4	1116.99	1243	834.914
31.6	1058.43	1113	790.775
31.8	1002.95	1046	748.157
32	950.373	1010	708.264
32.2	900.552	959	669.682
32.4	853.343	874	632.201
32.6	808.609	874	598.861
32.8	766.22	807	565.259
33	726.053	779	534.697
33.2	687.992	816	506.6
33.4	651.926	654	480.074
33.6	617.751	639	454.283
33.8	585.367	612	429.068
34	554.681	556	404.693
34.2	525.603	551	381.627
34.4	498.05	523	361.393
34.6	471.941	488	342.573
34.8	447.201	484	324.016
35	423.758	404	305.878
35.2	401.543	417	288.317
35.4	380.494	387	272.748
35.6	360.547	452	258.385
35.8	341.647	379	245.594
36	323.737	323	232.908
36.2	306.766	372	219.855
36.4	290.685	316	206.383
36.6	275.446	258	194.588
36.8	261.007	250	184.156
