Energía,Cuentas/canal
0,223.0
1,83.0
2,109.0
3,110.0
4,111.0
5,106.0
6,139.0
7,118.0
8,108.0
9,118.0
10,105.0
11,125.0
12,106.0
13,112.0
14,135.0
15,109.0
16,113.0
17,129.0
18,115.0
19,121.0
20,142.0
21,108.0
22,124.0
23,128.0
24,126.0
25,121.0
26,130.0
27,134.0
28,159.0
29,137.0
30,155.0
31,139.0
32,148.0
33,131.0
34,146.0
35,150.0
36,150.0
37,152.0
38,121.0
39,132.0
40,147.0
41,146.0
42,167.0
43,150.0
44,143.0
45,155.0
46,164.0
47,148.0
48,167.0
49,149.0
50,170.0
51,137.0
52,160.0
53,149.0
54,155.0
55,157.0
56,161.0
57,153.0
58,166.0
59,147.0
60,164.0
61,164.0
62,151.0
63,167.0
64,170.0
65,154.0
66,182.0
67,157.0
68,183.0
69,199.0
70,162.0
71,154.0
72,182.0
73,170.0
74,170.0
75,203.0
76,158.0
77,184.0
78,195.0
79,217.0
80,172.0
81,181.0
82,172.0
83,180.0
84,202.0
85,171.0
86,180.0
87,178.0
88,152.0
89,170.0
90,183.0
91,187.0
92,206.0
93,215.0
94,163.0
95,187.0
96,173.0
97,184.0
98,220.0
99,196.0
100,198.0
101,183.0
102,186.0
103,193.0
104,179.0
105,179.0
106,205.0
107,173.0
108,194.0
109,185.0
110,183.0
111,186.0
112,169.0
113,187.0
114,188.0
115,189.0
116,196.0
117,216.0
118,179.0
119,182.0
120,190.0
121,167.0
122,185.0
123,182.0
124,209.0
125,197.0
126,209.0
127,198.0
128,183.0
129,195.0
130,176.0
131,178.0
132,197.0
133,188.0
134,208.0
135,188.0
136,187.0
137,178.0
138,182.0
139,192.0
140,175.0
141,183.0
142,188.0
143,183.0
144,190.0
145,187.0
146,188.0
147,184.0
148,193.0
149,198.0
150,177.0
151,194.0
152,185.0
153,183.0
154,179.0
155,178.0
156,196.0
157,166.0
158,161.0
159,173.0
160,166.0
161,194.0
162,210.0
163,175.0
164,191.0
165,174.0
166,175.0
167,190.0
168,165.0
169,179.0
170,187.0
171,192.0
172,169.0
173,163.0
174,174.0
175,185.0
176,202.0
177,174.0
178,196.0
179,172.0
180,203.0
181,183.0
182,175.0
183,207.0
184,201.0
185,206.0
186,175.0
187,169.0
188,175.0
189,196.0
190,205.0
191,198.0
192,185.0
193,173.0
194,187.0
195,172.0
196,193.0
197,188.0
198,188.0
199,170.0
200,191.0
201,194.0
202,159.0
203,172.0
204,170.0
205,173.0
206,180.0
207,178.0
208,190.0
209,181.0
210,176.0
211,171.0
212,197.0
213,171.0
214,184.0
215,189.0
216,187.0
217,184.0
218,160.0
219,185.0
220,181.0
221,181.0
222,196.0
223,155.0
224,185.0
225,176.0
226,173.0
227,170.0
228,175.0
229,171.0
230,193.0
231,179.0
232,201.0
233,192.0
234,192.0
235,187.0
236,185.0
237,178.0
238,185.0
239,186.0
240,177.0
241,188.0
242,180.0
243,156.0
244,175.0
245,176.0
246,159.0
247,182.0
248,176.0
249,169.0
250,159.0
251,198.0
252,172.0
253,197.0
254,163.0
255,161.0
256,210.0
257,175.0
258,169.0
259,169.0
260,188.0
261,186.0
262,179.0
263,173.0
264,153.0
265,165.0
266,165.0
267,162.0
268,169.0
269,158.0
270,164.0
271,156.0
272,159.0
273,152.0
274,171.0
275,166.0
276,184.0
277,164.0
278,182.0
279,179.0
280,161.0
281,168.0
282,158.0
283,157.0
284,177.0
285,158.0
286,175.0
287,174.0
288,170.0
289,174.0
290,191.0
291,204.0
292,186.0
293,170.0
294,153.0
295,184.0
296,181.0
297,172.0
298,166.0
299,186.0
300,177.0
301,180.0
302,173.0
303,153.0
304,140.0
305,166.0
306,168.0
307,175.0
308,180.0
309,185.0
310,189.0
311,152.0
312,169.0
313,181.0
314,174.0
315,166.0
316,199.0
317,186.0
318,174.0
319,174.0
320,201.0
321,171.0
322,187.0
323,182.0
324,187.0
325,197.0
326,178.0
327,187.0
328,179.0
329,174.0
330,177.0
331,184.0
332,168.0
333,188.0
334,169.0
335,164.0
336,202.0
337,163.0
338,195.0
339,200.0
340,167.0
341,187.0
342,164.0
343,209.0
344,206.0
345,198.0
346,180.0
347,170.0
348,177.0
349,206.0
350,202.0
351,224.0
352,206.0
353,188.0
354,178.0
355,218.0
356,210.0
357,178.0
358,201.0
359,216.0
360,189.0
361,201.0
362,191.0
363,194.0
364,199.0
365,211.0
366,190.0
367,202.0
368,195.0
369,189.0
370,152.0
371,202.0
372,203.0
373,220.0
374,199.0
375,189.0
376,218.0
377,190.0
378,201.0
379,208.0
380,167.0
381,194.0
382,217.0
383,221.0
384,189.0
385,211.0
386,200.0
387,193.0
388,222.0
389,196.0
390,190.0
391,229.0
392,223.0
393,233.0
394,224.0
395,215.0
396,223.0
397,209.0
398,205.0
399,231.0
400,202.0
401,210.0
402,200.0
403,247.0
404,199.0
405,226.0
406,229.0
407,214.0
408,227.0
409,261.0
410,227.0
411,206.0
412,224.0
413,201.0
414,223.0
415,217.0
416,235.0
417,257.0
418,234.0
419,221.0
420,206.0
421,225.0
422,195.0
423,223.0
424,230.0
425,221.0
426,238.0
427,252.0
428,231.0
429,219.0
430,220.0
431,211.0
432,206.0
433,219.0
434,253.0
435,217.0
436,199.0
437,244.0
438,187.0
439,231.0
440,199.0
441,199.0
442,224.0
443,217.0
444,167.0
445,247.0
446,213.0
447,190.0
448,200.0
449,176.0
450,202.0
451,191.0
452,183.0
453,194.0
454,207.0
455,197.0
456,188.0
457,180.0
458,190.0
459,197.0
460,208.0
461,170.0
462,171.0
463,175.0
464,176.0
465,190.0
466,157.0
467,205.0
468,161.0
469,183.0
470,168.0
471,154.0
472,163.0
473,146.0
474,134.0
475,155.0
476,150.0
477,181.0
478,157.0
479,160.0
480,153.0
481,131.0
482,128.0
483,126.0
484,139.0
485,117.0
486,148.0
487,163.0
488,116.0
489,146.0
490,97.0
491,118.0
492,114.0
493,132.0
494,120.0
495,109.0
496,107.0
497,118.0
498,115.0
499,110.0
500,100.0
501,113.0
502,103.0
503,105.0
504,108.0
505,109.0
506,89.0
507,84.0
508,82.0
509,96.0
510,83.0
511,76.0
512,90.0
513,85.0
514,95.0
515,112.0
516,102.0
517,92.0
518,90.0
519,90.0
520,91.0
521,89.0
522,102.0
523,95.0
524,101.0
525,107.0
526,100.0
527,109.0
528,97.0
529,116.0
530,109.0
531,127.0
532,110.0
533,123.0
534,139.0
535,156.0
536,138.0
537,158.0
538,146.0
539,169.0
540,173.0
541,205.0
542,167.0
543,181.0
544,199.0
545,188.0
546,222.0
547,220.0
548,252.0
549,252.0
550,262.0
551,283.0
552,303.0
553,305.0
554,349.0
555,357.0
556,360.0
557,383.0
558,437.0
559,413.0
560,470.0
561,497.0
562,499.0
563,535.0
564,589.0
565,569.0
566,633.0
567,704.0
568,701.0
569,711.0
570,770.0
571,754.0
572,828.0
573,827.0
574,922.0
575,976.0
576,1045.0
577,997.0
578,1155.0
579,1160.0
580,1174.0
581,1207.0
582,1303.0
583,1308.0
584,1366.0
585,1480.0
586,1589.0
587,1536.0
588,1638.0
589,1740.0
590,1697.0
591,1867.0
592,1843.0
593,1970.0
594,2041.0
595,2055.0
596,2096.0
597,2204.0
598,2392.0
599,2406.0
600,2457.0
601,2558.0
602,2705.0
603,2719.0
604,2818.0
605,2968.0
606,2940.0
607,3135.0
608,3260.0
609,3250.0
610,3368.0
611,3414.0
612,3521.0
613,3625.0
614,3749.0
615,3810.0
616,3950.0
617,3994.0
618,4093.0
619,4184.0
620,4248.0
621,4408.0
622,4624.0
623,4638.0
624,4683.0
625,4680.0
626,4900.0
627,4903.0
628,4984.0
629,5126.0
630,5041.0
631,5246.0
632,5414.0
633,5423.0
634,5466.0
635,5694.0
636,5696.0
637,5732.0
638,5767.0
639,5781.0
640,5921.0
641,5999.0
642,5959.0
643,6160.0
644,6095.0
645,6359.0
646,6274.0
647,6466.0
648,6395.0
649,6437.0
650,6589.0
651,6531.0
652,6599.0
653,6699.0
654,6678.0
655,6554.0
656,6667.0
657,6854.0
658,6746.0
659,6804.0
660,6585.0
661,6801.0
662,6778.0
663,6727.0
664,6740.0
665,6791.0
666,6710.0
667,6688.0
668,6563.0
669,6523.0
670,6566.0
671,6681.0
672,6683.0
673,6459.0
674,6514.0
675,6430.0
676,6421.0
677,6533.0
678,6079.0
679,6437.0
680,6257.0
681,6153.0
682,6178.0
683,6101.0
684,5996.0
685,5868.0
686,5819.0
687,5675.0
688,5798.0
689,5687.0
690,5384.0
691,5553.0
692,5415.0
693,5249.0
694,5162.0
695,4990.0
696,5042.0
697,4938.0
698,4737.0
699,4540.0
700,4687.0
701,4529.0
702,4496.0
703,4399.0
704,4406.0
705,4114.0
706,4056.0
707,4036.0
708,3952.0
709,3762.0
710,3690.0
711,3667.0
712,3473.0
713,3319.0
714,3304.0
715,3145.0
716,3264.0
717,2989.0
718,2918.0
719,2870.0
720,2850.0
721,2655.0
722,2675.0
723,2589.0
724,2458.0
725,2415.0
726,2354.0
727,2233.0
728,2088.0
729,2116.0
730,2026.0
731,2007.0
732,1941.0
733,1818.0
734,1707.0
735,1713.0
736,1608.0
737,1544.0
738,1555.0
739,1503.0
740,1348.0
741,1300.0
742,1278.0
743,1197.0
744,1168.0
745,1171.0
746,1016.0
747,1001.0
748,997.0
749,984.0
750,868.0
751,910.0
752,802.0
753,794.0
754,717.0
755,691.0
756,655.0
757,597.0
758,609.0
759,585.0
760,592.0
761,504.0
762,487.0
763,496.0
764,445.0
765,431.0
766,399.0
767,355.0
768,361.0
769,372.0
770,327.0
771,302.0
772,298.0
773,271.0
774,269.0
775,255.0
776,240.0
777,252.0
778,160.0
779,211.0
780,210.0
781,153.0
782,144.0
783,133.0
784,141.0
785,111.0
786,125.0
787,118.0
788,103.0
789,103.0
790,91.0
791,95.0
792,74.0
793,64.0
794,74.0
795,60.0
796,56.0
797,59.0
798,36.0
799,34.0
800,42.0
801,34.0
802,32.0
803,28.0
804,33.0
805,40.0
806,27.0
807,23.0
808,30.0
809,19.0
810,23.0
811,13.0
812,22.0
813,16.0
814,13.0
815,17.0
816,10.0
817,6.0
818,9.0
819,12.0
820,9.0
821,12.0
822,10.0
823,9.0
824,7.0
825,13.0
826,4.0
827,4.0
828,5.0
829,8.0
830,5.0
831,5.0
832,5.0
833,5.0
834,4.0
835,7.0
836,2.0
837,2.0
838,1.0
839,1.0
840,2.0
841,0.0
842,3.0
843,4.0
844,4.0
845,3.0
846,3.0
847,1.0
848,2.0
849,2.0
850,2.0
851,4.0
852,1.0
853,1.0
854,2.0
855,4.0
856,1.0
857,2.0
858,2.0
859,2.0
860,1.0
861,5.0
862,2.0
863,4.0
864,4.0
865,3.0
866,4.0
867,8.0
868,5.0
869,6.0
870,3.0
871,4.0
872,4.0
873,7.0
874,6.0
875,4.0
876,5.0
877,4.0
878,8.0
879,1.0
880,8.0
881,5.0
882,11.0
883,8.0
884,6.0
885,6.0
886,12.0
887,3.0
888,8.0
889,5.0
890,6.0
891,13.0
892,11.0
893,6.0
894,17.0
895,12.0
896,8.0
897,13.0
898,8.0
899,12.0
900,6.0
901,12.0
902,9.0
903,11.0
904,16.0
905,14.0
906,7.0
907,14.0
908,9.0
909,14.0
910,12.0
911,21.0
912,23.0
913,12.0
914,15.0
915,14.0
916,17.0
917,14.0
918,23.0
919,25.0
920,15.0
921,14.0
922,19.0
923,20.0
924,26.0
925,29.0
926,20.0
927,23.0
928,33.0
929,38.0
930,21.0
931,27.0
932,26.0
933,34.0
934,34.0
935,33.0
936,31.0
937,32.0
938,36.0
939,30.0
940,33.0
941,38.0
942,38.0
943,31.0
944,38.0
945,29.0
946,37.0
947,35.0
948,43.0
949,37.0
950,42.0
951,45.0
952,55.0
953,53.0
954,46.0
955,53.0
956,49.0
957,53.0
958,51.0
959,43.0
960,69.0
961,70.0
962,50.0
963,58.0
964,52.0
965,57.0
966,65.0
967,54.0
968,55.0
969,64.0
970,72.0
971,62.0
972,78.0
973,64.0
974,57.0
975,73.0
976,63.0
977,71.0
978,76.0
979,63.0
980,70.0
981,73.0
982,67.0
983,86.0
984,84.0
985,77.0
986,77.0
987,105.0
988,56.0
989,108.0
990,88.0
991,67.0
992,98.0
993,103.0
994,104.0
995,78.0
996,90.0
997,102.0
998,96.0
999,81.0
